start=1419.252586
volume=98.000000
